110 0.693000 0.736000 0.378000 0.124000
110 0.371000 0.722000 0.178000 0.188000
110 0.191000 0.721000 0.170000 0.186000
110 0.570000 0.592000 0.052000 0.040000
110 0.647000 0.593000 0.054000 0.046000
110 0.644000 0.542000 0.052000 0.044000
110 0.568000 0.544000 0.052000 0.048000
110 0.643000 0.490000 0.054000 0.048000
110 0.568000 0.486000 0.052000 0.044000
110 0.642000 0.438000 0.052000 0.040000
110 0.563000 0.434000 0.050000 0.040000
110 0.453000 0.495000 0.054000 0.206000
110 0.789000 0.409000 0.186000 0.226000
110 0.270000 0.388000 0.352000 0.432000
110 0.596000 0.273000 0.164000 0.210000
